100
101
110
111
0100
0101
0110
0111
00100
00101
00110
00111
000100
000101
000110
000111
0000100
0000101
0000110
0000111
00000100
00000101
00000110
00000111
000000100
000000101
000000110
000000111
0000000100
0000000101
0000000110
0000000111
00000000100
00000000101
00000000110
00000000111
000000000100
000000000101
000000000110
000000000111
0000000000100
0000000000101
0000000000110
0000000000111
00000000000100
00000000000101
00000000000110
00000000000111
000000000000100
000000000000101
000000000000110
000000000000111
0000000000000100
0000000000000101
0000000000000110
0000000000000111
00000000000000100
00000000000000101
00000000000000110
00000000000000111
000000000000000100
000000000000000101
000000000000000110
000000000000000111
0000000000000000100
0000000000000000101
0000000000000000110
0000000000000000111
00000000000000000100
00000000000000000101
00000000000000000110
00000000000000000111
000000000000000000100
000000000000000000101
000000000000000000110
000000000000000000111
0000000000000000000100
0000000000000000000101
0000000000000000000110
0000000000000000000111
00000000000000000000100
00000000000000000000101
00000000000000000000110
00000000000000000000111
000000000000000000000100
000000000000000000000101
000000000000000000000110
000000000000000000000111
0000000000000000000000100
0000000000000000000000101
0000000000000000000000110
0000000000000000000000111
00000000000000000000000101011100
00000000000000000000000101011101
00000000000000000000000101011110
00000000000000000000000101011111
00000000000000000000000101100000
00000000000000000000000101100001
00000000000000000000000101100010
00000000000000000000000101100011